Zebra
TH115
TH44
TH54
TH55
TH56
TH57
TH71
